    -9.80000      0.00000
    -9.40000      0.00000
    -9.00000      0.00000
    -8.60000      0.00000
    -8.20000      0.00000
    -7.80000      0.00000
    -7.40000      0.00000
    -7.00000      0.00000
    -6.60000      0.00000
    -6.20000      0.00000
    -5.80000      0.00000
    -5.40000      0.00000
    -5.00000      0.00000
    -4.60000      0.00000
    -4.20000      0.00000
    -3.80000      5.00000
    -3.40000      7.50000
    -3.00000     12.50000
    -2.60000     25.00000
    -2.20000     45.00000
    -1.80000     57.50000
    -1.40000     60.00000
    -1.00000     90.00000
    -0.60000    120.00000
    -0.20000     77.50000
     0.20000    105.00000
     0.60000     40.00000
     1.00000     82.50000
     1.40000     75.00000
     1.80000     32.50000
     2.20000     62.50000
     2.60000     15.00000
     3.00000      5.00000
     3.40000     10.00000
     3.80000      2.50000
     4.20000      0.00000
     4.60000      0.00000
     5.00000      0.00000
     5.40000      0.00000
     5.80000      0.00000
     6.20000      0.00000
     6.60000      0.00000
     7.00000      0.00000
     7.40000      0.00000
     7.80000      0.00000
     8.20000      0.00000
     8.60000      0.00000
     9.00000      0.00000
     9.40000      0.00000
     9.80000      0.00000
 after hadron evolution
    -9.80000      0.00000
    -9.40000      0.00000
    -9.00000      0.00000
    -8.60000      0.00000
    -8.20000      0.00000
    -7.80000      0.00000
    -7.40000      0.00000
    -7.00000      0.00000
    -6.60000      0.00000
    -6.20000      0.00000
    -5.80000      0.00000
    -5.40000      0.00000
    -5.00000      0.00000
    -4.60000      0.00000
    -4.20000      0.00000
    -3.80000      5.00000
    -3.40000     12.50000
    -3.00000     17.50000
    -2.60000     57.50000
    -2.20000     75.00000
    -1.80000     75.00000
    -1.40000    100.00000
    -1.00000    147.50000
    -0.60000    177.50000
    -0.20000    165.00000
     0.20000    175.00000
     0.60000    135.00000
     1.00000    142.50000
     1.40000    115.00000
     1.80000     77.50000
     2.20000     57.50000
     2.60000     42.50000
     3.00000     12.50000
     3.40000     12.50000
     3.80000      2.50000
     4.20000      0.00000
     4.60000      0.00000
     5.00000      0.00000
     5.40000      0.00000
     5.80000      0.00000
     6.20000      0.00000
     6.60000      0.00000
     7.00000      0.00000
     7.40000      0.00000
     7.80000      0.00000
     8.20000      0.00000
     8.60000      0.00000
     9.00000      0.00000
     9.40000      0.00000
     9.80000      0.00000
