    -9.80000      0.00000
    -9.40000      0.00000
    -9.00000      0.00000
    -8.60000      0.00000
    -8.20000      0.00000
    -7.80000      0.00000
    -7.40000      0.00000
    -7.00000      0.00000
    -6.60000      0.00000
    -6.20000      0.00000
    -5.80000      0.00000
    -5.40000      0.00000
    -5.00000      0.00000
    -4.60000      0.00000
    -4.20000      2.50000
    -3.80000      5.00000
    -3.40000     12.50000
    -3.00000     42.50000
    -2.60000     57.50000
    -2.20000     82.50000
    -1.80000    130.00000
    -1.40000    160.00000
    -1.00000    170.00000
    -0.60000    225.00000
    -0.20000    195.00000
     0.20000    235.00000
     0.60000    157.50000
     1.00000    165.00000
     1.40000    155.00000
     1.80000    132.50000
     2.20000    127.50000
     2.60000     47.50000
     3.00000     17.50000
     3.40000     10.00000
     3.80000      5.00000
     4.20000      0.00000
     4.60000      0.00000
     5.00000      0.00000
     5.40000      0.00000
     5.80000      0.00000
     6.20000      0.00000
     6.60000      0.00000
     7.00000      0.00000
     7.40000      0.00000
     7.80000      0.00000
     8.20000      0.00000
     8.60000      0.00000
     9.00000      0.00000
     9.40000      0.00000
     9.80000      0.00000
 after hadron evolution
    -9.80000      0.00000
    -9.40000      0.00000
    -9.00000      0.00000
    -8.60000      0.00000
    -8.20000      0.00000
    -7.80000      0.00000
    -7.40000      0.00000
    -7.00000      0.00000
    -6.60000      0.00000
    -6.20000      0.00000
    -5.80000      0.00000
    -5.40000      0.00000
    -5.00000      0.00000
    -4.60000      0.00000
    -4.20000      2.50000
    -3.80000      5.00000
    -3.40000     22.50000
    -3.00000     45.00000
    -2.60000    102.50000
    -2.20000    160.00000
    -1.80000    192.50000
    -1.40000    242.50000
    -1.00000    290.00000
    -0.60000    327.50000
    -0.20000    377.50000
     0.20000    397.50000
     0.60000    340.00000
     1.00000    320.00000
     1.40000    242.50000
     1.80000    185.00000
     2.20000    140.00000
     2.60000     92.50000
     3.00000     62.50000
     3.40000     15.00000
     3.80000     12.50000
     4.20000      0.00000
     4.60000      0.00000
     5.00000      0.00000
     5.40000      0.00000
     5.80000      0.00000
     6.20000      0.00000
     6.60000      0.00000
     7.00000      0.00000
     7.40000      0.00000
     7.80000      0.00000
     8.20000      0.00000
     8.60000      0.00000
     9.00000      0.00000
     9.40000      0.00000
     9.80000      0.00000
