    -9.80000      0.00000
    -9.40000      0.00000
    -9.00000      0.00000
    -8.60000      0.00000
    -8.20000      0.00000
    -7.80000      0.00000
    -7.40000      0.00000
    -7.00000      0.00000
    -6.60000      0.00000
    -6.20000      0.00000
    -5.80000      0.00000
    -5.40000      0.00000
    -5.00000      0.00000
    -4.60000      0.00000
    -4.20000      2.50000
    -3.80000      5.00000
    -3.40000     22.50000
    -3.00000     40.00000
    -2.60000     85.00000
    -2.20000    115.00000
    -1.80000    167.50000
    -1.40000    227.50000
    -1.00000    230.00000
    -0.60000    317.50000
    -0.20000    277.50000
     0.20000    342.50000
     0.60000    252.50000
     1.00000    277.50000
     1.40000    182.50000
     1.80000    195.00000
     2.20000    137.50000
     2.60000     67.50000
     3.00000     30.00000
     3.40000     25.00000
     3.80000      5.00000
     4.20000      0.00000
     4.60000      0.00000
     5.00000      0.00000
     5.40000      0.00000
     5.80000      0.00000
     6.20000      0.00000
     6.60000      0.00000
     7.00000      0.00000
     7.40000      0.00000
     7.80000      0.00000
     8.20000      0.00000
     8.60000      0.00000
     9.00000      0.00000
     9.40000      0.00000
     9.80000      0.00000
 after hadron evolution
    -9.80000      0.00000
    -9.40000      0.00000
    -9.00000      0.00000
    -8.60000      0.00000
    -8.20000      0.00000
    -7.80000      0.00000
    -7.40000      0.00000
    -7.00000      0.00000
    -6.60000      0.00000
    -6.20000      0.00000
    -5.80000      0.00000
    -5.40000      0.00000
    -5.00000      0.00000
    -4.60000      0.00000
    -4.20000      2.50000
    -3.80000      5.00000
    -3.40000     37.50000
    -3.00000     62.50000
    -2.60000    145.00000
    -2.20000    212.50000
    -1.80000    265.00000
    -1.40000    347.50000
    -1.00000    397.50000
    -0.60000    447.50000
    -0.20000    572.50000
     0.20000    545.00000
     0.60000    460.00000
     1.00000    477.50000
     1.40000    362.50000
     1.80000    265.00000
     2.20000    197.50000
     2.60000    120.00000
     3.00000     72.50000
     3.40000     30.00000
     3.80000     12.50000
     4.20000      0.00000
     4.60000      2.50000
     5.00000      0.00000
     5.40000      0.00000
     5.80000      0.00000
     6.20000      0.00000
     6.60000      0.00000
     7.00000      0.00000
     7.40000      0.00000
     7.80000      0.00000
     8.20000      0.00000
     8.60000      0.00000
     9.00000      0.00000
     9.40000      0.00000
     9.80000      0.00000
