    -9.80000      0.00000
    -9.40000      0.00000
    -9.00000      0.00000
    -8.60000      0.00000
    -8.20000      0.00000
    -7.80000      0.00000
    -7.40000      0.00000
    -7.00000      0.00000
    -6.60000      0.00000
    -6.20000      0.00000
    -5.80000      0.00000
    -5.40000      0.00000
    -5.00000      0.00000
    -4.60000      0.00000
    -4.20000      0.00000
    -3.80000     17.50000
    -3.40000     17.50000
    -3.00000     62.50000
    -2.60000     80.00000
    -2.20000    132.50000
    -1.80000    172.50000
    -1.40000    222.50000
    -1.00000    282.50000
    -0.60000    272.50000
    -0.20000    385.00000
     0.20000    352.50000
     0.60000    275.00000
     1.00000    295.00000
     1.40000    255.00000
     1.80000    192.50000
     2.20000    147.50000
     2.60000     77.50000
     3.00000     22.50000
     3.40000      7.50000
     3.80000     12.50000
     4.20000      7.50000
     4.60000      0.00000
     5.00000      0.00000
     5.40000      0.00000
     5.80000      0.00000
     6.20000      0.00000
     6.60000      0.00000
     7.00000      0.00000
     7.40000      0.00000
     7.80000      0.00000
     8.20000      0.00000
     8.60000      0.00000
     9.00000      0.00000
     9.40000      0.00000
     9.80000      0.00000
 after hadron evolution
    -9.80000      0.00000
    -9.40000      0.00000
    -9.00000      0.00000
    -8.60000      0.00000
    -8.20000      0.00000
    -7.80000      0.00000
    -7.40000      0.00000
    -7.00000      0.00000
    -6.60000      0.00000
    -6.20000      0.00000
    -5.80000      0.00000
    -5.40000      0.00000
    -5.00000      0.00000
    -4.60000      0.00000
    -4.20000      2.50000
    -3.80000     22.50000
    -3.40000     40.00000
    -3.00000     80.00000
    -2.60000    157.50000
    -2.20000    205.00000
    -1.80000    255.00000
    -1.40000    370.00000
    -1.00000    460.00000
    -0.60000    477.50000
    -0.20000    562.50000
     0.20000    542.50000
     0.60000    535.00000
     1.00000    472.50000
     1.40000    377.50000
     1.80000    307.50000
     2.20000    257.50000
     2.60000    147.50000
     3.00000     47.50000
     3.40000     45.00000
     3.80000     15.00000
     4.20000     10.00000
     4.60000      0.00000
     5.00000      0.00000
     5.40000      0.00000
     5.80000      0.00000
     6.20000      0.00000
     6.60000      0.00000
     7.00000      0.00000
     7.40000      0.00000
     7.80000      0.00000
     8.20000      0.00000
     8.60000      0.00000
     9.00000      0.00000
     9.40000      0.00000
     9.80000      0.00000
