    -9.80000      0.00000
    -9.40000      0.00000
    -9.00000      0.00000
    -8.60000      0.00000
    -8.20000      0.00000
    -7.80000      0.00000
    -7.40000      0.00000
    -7.00000      0.00000
    -6.60000      0.00000
    -6.20000      0.00000
    -5.80000      0.00000
    -5.40000      0.00000
    -5.00000      0.00000
    -4.60000      0.00000
    -4.20000      2.50000
    -3.80000      2.50000
    -3.40000      2.50000
    -3.00000     35.00000
    -2.60000     67.50000
    -2.20000    112.50000
    -1.80000    165.00000
    -1.40000    197.50000
    -1.00000    187.50000
    -0.60000    257.50000
    -0.20000    220.00000
     0.20000    235.00000
     0.60000    242.50000
     1.00000    227.50000
     1.40000    170.00000
     1.80000    157.50000
     2.20000    102.50000
     2.60000     87.50000
     3.00000     47.50000
     3.40000      7.50000
     3.80000      0.00000
     4.20000      5.00000
     4.60000      0.00000
     5.00000      0.00000
     5.40000      0.00000
     5.80000      0.00000
     6.20000      0.00000
     6.60000      0.00000
     7.00000      0.00000
     7.40000      0.00000
     7.80000      0.00000
     8.20000      0.00000
     8.60000      0.00000
     9.00000      0.00000
     9.40000      0.00000
     9.80000      0.00000
 after hadron evolution
    -9.80000      0.00000
    -9.40000      0.00000
    -9.00000      0.00000
    -8.60000      0.00000
    -8.20000      0.00000
    -7.80000      0.00000
    -7.40000      0.00000
    -7.00000      0.00000
    -6.60000      0.00000
    -6.20000      0.00000
    -5.80000      0.00000
    -5.40000      0.00000
    -5.00000      0.00000
    -4.60000      0.00000
    -4.20000      2.50000
    -3.80000      5.00000
    -3.40000     15.00000
    -3.00000     50.00000
    -2.60000     90.00000
    -2.20000    170.00000
    -1.80000    270.00000
    -1.40000    297.50000
    -1.00000    352.50000
    -0.60000    375.00000
    -0.20000    415.00000
     0.20000    415.00000
     0.60000    382.50000
     1.00000    352.50000
     1.40000    287.50000
     1.80000    242.50000
     2.20000    145.00000
     2.60000    112.50000
     3.00000     92.50000
     3.40000     20.00000
     3.80000      0.00000
     4.20000      5.00000
     4.60000      0.00000
     5.00000      0.00000
     5.40000      0.00000
     5.80000      0.00000
     6.20000      0.00000
     6.60000      0.00000
     7.00000      0.00000
     7.40000      0.00000
     7.80000      0.00000
     8.20000      0.00000
     8.60000      0.00000
     9.00000      0.00000
     9.40000      0.00000
     9.80000      0.00000
