    -9.80000      0.00000
    -9.40000      0.00000
    -9.00000      0.00000
    -8.60000      0.00000
    -8.20000      0.00000
    -7.80000      0.00000
    -7.40000      0.00000
    -7.00000      0.00000
    -6.60000      0.00000
    -6.20000      0.00000
    -5.80000      0.00000
    -5.40000      2.50000
    -5.00000      0.00000
    -4.60000      5.00000
    -4.20000      7.50000
    -3.80000      5.00000
    -3.40000     10.00000
    -3.00000     40.00000
    -2.60000     37.50000
    -2.20000     72.50000
    -1.80000     60.00000
    -1.40000     85.00000
    -1.00000     70.00000
    -0.60000     65.00000
    -0.20000     72.50000
     0.20000     75.00000
     0.60000     90.00000
     1.00000     87.50000
     1.40000     85.00000
     1.80000     72.50000
     2.20000     50.00000
     2.60000     40.00000
     3.00000     30.00000
     3.40000     27.50000
     3.80000     15.00000
     4.20000      5.00000
     4.60000      2.50000
     5.00000      0.00000
     5.40000      0.00000
     5.80000      0.00000
     6.20000      0.00000
     6.60000      0.00000
     7.00000      0.00000
     7.40000      0.00000
     7.80000      0.00000
     8.20000      0.00000
     8.60000      0.00000
     9.00000      0.00000
     9.40000      0.00000
     9.80000      0.00000
 after hadron evolution
    -9.80000      0.00000
    -9.40000      0.00000
    -9.00000      0.00000
    -8.60000      0.00000
    -8.20000      0.00000
    -7.80000      0.00000
    -7.40000      0.00000
    -7.00000      0.00000
    -6.60000      0.00000
    -6.20000      0.00000
    -5.80000      0.00000
    -5.40000      2.50000
    -5.00000      0.00000
    -4.60000      7.50000
    -4.20000      7.50000
    -3.80000      7.50000
    -3.40000     10.00000
    -3.00000     22.50000
    -2.60000     62.50000
    -2.20000     85.00000
    -1.80000    142.50000
    -1.40000    130.00000
    -1.00000    145.00000
    -0.60000    117.50000
    -0.20000    165.00000
     0.20000    162.50000
     0.60000    185.00000
     1.00000    137.50000
     1.40000    115.00000
     1.80000    120.00000
     2.20000     85.00000
     2.60000     70.00000
     3.00000     40.00000
     3.40000     35.00000
     3.80000      7.50000
     4.20000     10.00000
     4.60000      2.50000
     5.00000      0.00000
     5.40000      0.00000
     5.80000      0.00000
     6.20000      0.00000
     6.60000      0.00000
     7.00000      0.00000
     7.40000      0.00000
     7.80000      0.00000
     8.20000      0.00000
     8.60000      0.00000
     9.00000      0.00000
     9.40000      0.00000
     9.80000      0.00000
