    -9.80000      0.00000
    -9.40000      0.00000
    -9.00000      0.00000
    -8.60000      0.00000
    -8.20000      0.00000
    -7.80000      0.00000
    -7.40000      0.00000
    -7.00000      0.00000
    -6.60000      0.00000
    -6.20000      0.00000
    -5.80000      0.00000
    -5.40000      0.00000
    -5.00000      0.00000
    -4.60000      0.00000
    -4.20000      0.00000
    -3.80000      0.00000
    -3.40000      0.00000
    -3.00000     20.00000
    -2.60000     30.00000
    -2.20000     62.50000
    -1.80000     60.00000
    -1.40000     77.50000
    -1.00000     62.50000
    -0.60000    107.50000
    -0.20000    105.00000
     0.20000     80.00000
     0.60000     70.00000
     1.00000     77.50000
     1.40000     72.50000
     1.80000     62.50000
     2.20000     47.50000
     2.60000     22.50000
     3.00000     10.00000
     3.40000      0.00000
     3.80000      0.00000
     4.20000      0.00000
     4.60000      0.00000
     5.00000      0.00000
     5.40000      0.00000
     5.80000      0.00000
     6.20000      0.00000
     6.60000      0.00000
     7.00000      0.00000
     7.40000      0.00000
     7.80000      0.00000
     8.20000      0.00000
     8.60000      0.00000
     9.00000      0.00000
     9.40000      0.00000
     9.80000      0.00000
 after hadron evolution
    -9.80000      0.00000
    -9.40000      0.00000
    -9.00000      0.00000
    -8.60000      0.00000
    -8.20000      0.00000
    -7.80000      0.00000
    -7.40000      0.00000
    -7.00000      0.00000
    -6.60000      0.00000
    -6.20000      0.00000
    -5.80000      0.00000
    -5.40000      0.00000
    -5.00000      0.00000
    -4.60000      0.00000
    -4.20000      0.00000
    -3.80000      0.00000
    -3.40000      2.50000
    -3.00000     27.50000
    -2.60000     32.50000
    -2.20000     52.50000
    -1.80000     70.00000
    -1.40000     65.00000
    -1.00000     72.50000
    -0.60000    100.00000
    -0.20000     92.50000
     0.20000     72.50000
     0.60000     82.50000
     1.00000     70.00000
     1.40000     80.00000
     1.80000     57.50000
     2.20000     42.50000
     2.60000     30.00000
     3.00000     32.50000
     3.40000      7.50000
     3.80000      0.00000
     4.20000      0.00000
     4.60000      0.00000
     5.00000      0.00000
     5.40000      0.00000
     5.80000      0.00000
     6.20000      0.00000
     6.60000      0.00000
     7.00000      0.00000
     7.40000      0.00000
     7.80000      0.00000
     8.20000      0.00000
     8.60000      0.00000
     9.00000      0.00000
     9.40000      0.00000
     9.80000      0.00000
