    -9.80000      0.00000
    -9.40000      0.00000
    -9.00000      0.00000
    -8.60000      0.00000
    -8.20000      0.00000
    -7.80000      0.00000
    -7.40000      0.00000
    -7.00000      0.00000
    -6.60000      0.00000
    -6.20000      2.50000
    -5.80000      0.00000
    -5.40000      0.00000
    -5.00000      2.50000
    -4.60000      7.50000
    -4.20000     12.50000
    -3.80000     15.00000
    -3.40000     37.50000
    -3.00000     37.50000
    -2.60000     72.50000
    -2.20000     92.50000
    -1.80000    110.00000
    -1.40000    137.50000
    -1.00000    135.00000
    -0.60000    137.50000
    -0.20000    147.50000
     0.20000    155.00000
     0.60000    112.50000
     1.00000    135.00000
     1.40000    137.50000
     1.80000    112.50000
     2.20000     67.50000
     2.60000     90.00000
     3.00000     62.50000
     3.40000     32.50000
     3.80000     15.00000
     4.20000      7.50000
     4.60000      7.50000
     5.00000      2.50000
     5.40000      0.00000
     5.80000      0.00000
     6.20000      0.00000
     6.60000      0.00000
     7.00000      0.00000
     7.40000      0.00000
     7.80000      0.00000
     8.20000      0.00000
     8.60000      0.00000
     9.00000      0.00000
     9.40000      0.00000
     9.80000      0.00000
 after hadron evolution
    -9.80000      0.00000
    -9.40000      0.00000
    -9.00000      0.00000
    -8.60000      0.00000
    -8.20000      0.00000
    -7.80000      0.00000
    -7.40000      0.00000
    -7.00000      0.00000
    -6.60000      0.00000
    -6.20000      0.00000
    -5.80000      2.50000
    -5.40000      0.00000
    -5.00000     12.50000
    -4.60000     17.50000
    -4.20000     20.00000
    -3.80000     15.00000
    -3.40000     37.50000
    -3.00000     60.00000
    -2.60000    132.50000
    -2.20000    165.00000
    -1.80000    212.50000
    -1.40000    235.00000
    -1.00000    260.00000
    -0.60000    287.50000
    -0.20000    270.00000
     0.20000    280.00000
     0.60000    320.00000
     1.00000    292.50000
     1.40000    227.50000
     1.80000    160.00000
     2.20000    130.00000
     2.60000     90.00000
     3.00000    102.50000
     3.40000     40.00000
     3.80000     17.50000
     4.20000     15.00000
     4.60000     15.00000
     5.00000      7.50000
     5.40000      7.50000
     5.80000      2.50000
     6.20000      0.00000
     6.60000      0.00000
     7.00000      0.00000
     7.40000      2.50000
     7.80000      0.00000
     8.20000      0.00000
     8.60000      0.00000
     9.00000      0.00000
     9.40000      0.00000
     9.80000      0.00000
