    -9.80000      0.00000
    -9.40000      0.00000
    -9.00000      0.00000
    -8.60000      0.00000
    -8.20000      0.00000
    -7.80000      0.00000
    -7.40000      0.00000
    -7.00000      0.00000
    -6.60000      0.00000
    -6.20000      0.00000
    -5.80000      0.00000
    -5.40000      0.00000
    -5.00000      0.00000
    -4.60000      0.00000
    -4.20000      0.00000
    -3.80000      7.50000
    -3.40000      7.50000
    -3.00000     25.00000
    -2.60000     37.50000
    -2.20000     77.50000
    -1.80000    122.50000
    -1.40000    130.00000
    -1.00000    170.00000
    -0.60000    157.50000
    -0.20000    212.50000
     0.20000    190.00000
     0.60000    175.00000
     1.00000    182.50000
     1.40000    135.00000
     1.80000     90.00000
     2.20000     82.50000
     2.60000     45.00000
     3.00000     37.50000
     3.40000      0.00000
     3.80000      0.00000
     4.20000      0.00000
     4.60000      0.00000
     5.00000      0.00000
     5.40000      0.00000
     5.80000      0.00000
     6.20000      0.00000
     6.60000      0.00000
     7.00000      0.00000
     7.40000      0.00000
     7.80000      0.00000
     8.20000      0.00000
     8.60000      0.00000
     9.00000      0.00000
     9.40000      0.00000
     9.80000      0.00000
 after hadron evolution
    -9.80000      0.00000
    -9.40000      0.00000
    -9.00000      0.00000
    -8.60000      0.00000
    -8.20000      0.00000
    -7.80000      0.00000
    -7.40000      0.00000
    -7.00000      0.00000
    -6.60000      0.00000
    -6.20000      0.00000
    -5.80000      0.00000
    -5.40000      0.00000
    -5.00000      0.00000
    -4.60000      0.00000
    -4.20000      2.50000
    -3.80000     15.00000
    -3.40000     22.50000
    -3.00000     47.50000
    -2.60000     80.00000
    -2.20000    132.50000
    -1.80000    227.50000
    -1.40000    242.50000
    -1.00000    292.50000
    -0.60000    310.00000
    -0.20000    355.00000
     0.20000    360.00000
     0.60000    360.00000
     1.00000    335.00000
     1.40000    202.50000
     1.80000    142.50000
     2.20000    130.00000
     2.60000     72.50000
     3.00000     62.50000
     3.40000     27.50000
     3.80000     17.50000
     4.20000      0.00000
     4.60000      0.00000
     5.00000      0.00000
     5.40000      0.00000
     5.80000      0.00000
     6.20000      0.00000
     6.60000      0.00000
     7.00000      0.00000
     7.40000      0.00000
     7.80000      0.00000
     8.20000      0.00000
     8.60000      0.00000
     9.00000      0.00000
     9.40000      0.00000
     9.80000      0.00000
