    -9.80000      0.00000
    -9.40000      0.00000
    -9.00000      0.00000
    -8.60000      0.00000
    -8.20000      0.00000
    -7.80000      0.00000
    -7.40000      0.00000
    -7.00000      0.00000
    -6.60000      0.00000
    -6.20000      0.00000
    -5.80000      0.00000
    -5.40000      0.00000
    -5.00000      0.00000
    -4.60000      0.00000
    -4.20000      0.00000
    -3.80000     15.00000
    -3.40000     12.50000
    -3.00000     32.50000
    -2.60000     57.50000
    -2.20000    117.50000
    -1.80000    160.00000
    -1.40000    162.50000
    -1.00000    212.50000
    -0.60000    282.50000
    -0.20000    320.00000
     0.20000    267.50000
     0.60000    272.50000
     1.00000    257.50000
     1.40000    220.00000
     1.80000    127.50000
     2.20000     85.00000
     2.60000     70.00000
     3.00000     42.50000
     3.40000     25.00000
     3.80000      2.50000
     4.20000      0.00000
     4.60000      0.00000
     5.00000      0.00000
     5.40000      0.00000
     5.80000      0.00000
     6.20000      0.00000
     6.60000      0.00000
     7.00000      0.00000
     7.40000      0.00000
     7.80000      0.00000
     8.20000      0.00000
     8.60000      0.00000
     9.00000      0.00000
     9.40000      0.00000
     9.80000      0.00000
 after hadron evolution
    -9.80000      0.00000
    -9.40000      0.00000
    -9.00000      0.00000
    -8.60000      0.00000
    -8.20000      0.00000
    -7.80000      0.00000
    -7.40000      0.00000
    -7.00000      0.00000
    -6.60000      0.00000
    -6.20000      0.00000
    -5.80000      0.00000
    -5.40000      0.00000
    -5.00000      0.00000
    -4.60000      0.00000
    -4.20000      2.50000
    -3.80000     20.00000
    -3.40000     25.00000
    -3.00000     55.00000
    -2.60000    112.50000
    -2.20000    195.00000
    -1.80000    270.00000
    -1.40000    302.50000
    -1.00000    395.00000
    -0.60000    437.50000
    -0.20000    542.50000
     0.20000    497.50000
     0.60000    455.00000
     1.00000    437.50000
     1.40000    322.50000
     1.80000    200.00000
     2.20000    205.00000
     2.60000    100.00000
     3.00000     72.50000
     3.40000     37.50000
     3.80000     20.00000
     4.20000      2.50000
     4.60000      0.00000
     5.00000      0.00000
     5.40000      0.00000
     5.80000      0.00000
     6.20000      0.00000
     6.60000      0.00000
     7.00000      0.00000
     7.40000      0.00000
     7.80000      0.00000
     8.20000      0.00000
     8.60000      0.00000
     9.00000      0.00000
     9.40000      0.00000
     9.80000      0.00000
