    -9.80000      0.00000
    -9.40000      0.00000
    -9.00000      0.00000
    -8.60000      0.00000
    -8.20000      0.00000
    -7.80000      0.00000
    -7.40000      0.00000
    -7.00000      0.00000
    -6.60000      0.00000
    -6.20000      0.00000
    -5.80000      0.00000
    -5.40000      0.00000
    -5.00000      0.00000
    -4.60000      0.00000
    -4.20000      2.50000
    -3.80000      2.50000
    -3.40000      7.50000
    -3.00000     27.50000
    -2.60000     42.50000
    -2.20000     55.00000
    -1.80000     67.50000
    -1.40000     60.00000
    -1.00000     65.00000
    -0.60000     67.50000
    -0.20000     75.00000
     0.20000     72.50000
     0.60000     60.00000
     1.00000     70.00000
     1.40000     75.00000
     1.80000     75.00000
     2.20000     57.50000
     2.60000     47.50000
     3.00000     17.50000
     3.40000     12.50000
     3.80000     15.00000
     4.20000      2.50000
     4.60000      0.00000
     5.00000      0.00000
     5.40000      2.50000
     5.80000      0.00000
     6.20000      2.50000
     6.60000      0.00000
     7.00000      0.00000
     7.40000      0.00000
     7.80000      0.00000
     8.20000      0.00000
     8.60000      0.00000
     9.00000      0.00000
     9.40000      0.00000
     9.80000      0.00000
 after hadron evolution
    -9.80000      0.00000
    -9.40000      0.00000
    -9.00000      0.00000
    -8.60000      0.00000
    -8.20000      0.00000
    -7.80000      0.00000
    -7.40000      0.00000
    -7.00000      0.00000
    -6.60000      0.00000
    -6.20000      0.00000
    -5.80000      0.00000
    -5.40000      0.00000
    -5.00000      0.00000
    -4.60000      0.00000
    -4.20000      7.50000
    -3.80000     15.00000
    -3.40000     17.50000
    -3.00000     30.00000
    -2.60000     27.50000
    -2.20000     77.50000
    -1.80000     85.00000
    -1.40000    112.50000
    -1.00000    152.50000
    -0.60000    130.00000
    -0.20000    122.50000
     0.20000    145.00000
     0.60000    142.50000
     1.00000    160.00000
     1.40000    115.00000
     1.80000    110.00000
     2.20000     87.50000
     2.60000     60.00000
     3.00000     40.00000
     3.40000     12.50000
     3.80000      7.50000
     4.20000      2.50000
     4.60000      5.00000
     5.00000      0.00000
     5.40000      2.50000
     5.80000      2.50000
     6.20000      0.00000
     6.60000      0.00000
     7.00000      0.00000
     7.40000      0.00000
     7.80000      0.00000
     8.20000      0.00000
     8.60000      0.00000
     9.00000      0.00000
     9.40000      0.00000
     9.80000      0.00000
