    -9.80000      0.00000
    -9.40000      0.00000
    -9.00000      0.00000
    -8.60000      0.00000
    -8.20000      0.00000
    -7.80000      0.00000
    -7.40000      0.00000
    -7.00000      0.00000
    -6.60000      0.00000
    -6.20000      0.00000
    -5.80000      0.00000
    -5.40000      0.00000
    -5.00000      0.00000
    -4.60000      0.00000
    -4.20000      2.50000
    -3.80000      5.00000
    -3.40000     10.00000
    -3.00000     45.00000
    -2.60000     62.50000
    -2.20000     77.50000
    -1.80000    145.00000
    -1.40000    155.00000
    -1.00000    160.00000
    -0.60000    260.00000
    -0.20000    232.50000
     0.20000    197.50000
     0.60000    197.50000
     1.00000    197.50000
     1.40000    180.00000
     1.80000    117.50000
     2.20000    110.00000
     2.60000     65.00000
     3.00000     20.00000
     3.40000     15.00000
     3.80000      5.00000
     4.20000      0.00000
     4.60000      0.00000
     5.00000      0.00000
     5.40000      0.00000
     5.80000      0.00000
     6.20000      0.00000
     6.60000      0.00000
     7.00000      0.00000
     7.40000      0.00000
     7.80000      0.00000
     8.20000      0.00000
     8.60000      0.00000
     9.00000      0.00000
     9.40000      0.00000
     9.80000      0.00000
 after hadron evolution
    -9.80000      0.00000
    -9.40000      0.00000
    -9.00000      0.00000
    -8.60000      0.00000
    -8.20000      0.00000
    -7.80000      0.00000
    -7.40000      0.00000
    -7.00000      0.00000
    -6.60000      0.00000
    -6.20000      0.00000
    -5.80000      0.00000
    -5.40000      0.00000
    -5.00000      0.00000
    -4.60000      0.00000
    -4.20000      7.50000
    -3.80000     15.00000
    -3.40000     45.00000
    -3.00000     65.00000
    -2.60000     82.50000
    -2.20000    147.50000
    -1.80000    190.00000
    -1.40000    237.50000
    -1.00000    297.50000
    -0.60000    390.00000
    -0.20000    342.50000
     0.20000    395.00000
     0.60000    370.00000
     1.00000    360.00000
     1.40000    257.50000
     1.80000    215.00000
     2.20000    152.50000
     2.60000    115.00000
     3.00000     42.50000
     3.40000     25.00000
     3.80000      7.50000
     4.20000      0.00000
     4.60000      2.50000
     5.00000      0.00000
     5.40000      0.00000
     5.80000      0.00000
     6.20000      0.00000
     6.60000      0.00000
     7.00000      0.00000
     7.40000      0.00000
     7.80000      0.00000
     8.20000      0.00000
     8.60000      0.00000
     9.00000      0.00000
     9.40000      0.00000
     9.80000      0.00000
