    -9.80000      0.00000
    -9.40000      0.00000
    -9.00000      0.00000
    -8.60000      0.00000
    -8.20000      0.00000
    -7.80000      0.00000
    -7.40000      0.00000
    -7.00000      0.00000
    -6.60000      0.00000
    -6.20000      0.00000
    -5.80000      0.00000
    -5.40000      0.00000
    -5.00000      0.00000
    -4.60000      0.00000
    -4.20000      0.00000
    -3.80000      0.00000
    -3.40000      2.50000
    -3.00000     15.00000
    -2.60000     17.50000
    -2.20000     25.00000
    -1.80000     52.50000
    -1.40000     55.00000
    -1.00000     77.50000
    -0.60000     75.00000
    -0.20000     75.00000
     0.20000     85.00000
     0.60000     90.00000
     1.00000     80.00000
     1.40000     57.50000
     1.80000     27.50000
     2.20000     37.50000
     2.60000     17.50000
     3.00000     22.50000
     3.40000      0.00000
     3.80000      0.00000
     4.20000      0.00000
     4.60000      0.00000
     5.00000      0.00000
     5.40000      0.00000
     5.80000      0.00000
     6.20000      0.00000
     6.60000      0.00000
     7.00000      0.00000
     7.40000      0.00000
     7.80000      0.00000
     8.20000      0.00000
     8.60000      0.00000
     9.00000      0.00000
     9.40000      0.00000
     9.80000      0.00000
 after hadron evolution
    -9.80000      0.00000
    -9.40000      0.00000
    -9.00000      0.00000
    -8.60000      0.00000
    -8.20000      0.00000
    -7.80000      0.00000
    -7.40000      0.00000
    -7.00000      0.00000
    -6.60000      0.00000
    -6.20000      0.00000
    -5.80000      0.00000
    -5.40000      0.00000
    -5.00000      0.00000
    -4.60000      0.00000
    -4.20000      0.00000
    -3.80000      5.00000
    -3.40000     10.00000
    -3.00000     22.50000
    -2.60000     25.00000
    -2.20000     57.50000
    -1.80000    100.00000
    -1.40000    112.50000
    -1.00000    127.50000
    -0.60000    125.00000
    -0.20000    165.00000
     0.20000    155.00000
     0.60000    177.50000
     1.00000    152.50000
     1.40000     87.50000
     1.80000     37.50000
     2.20000     72.50000
     2.60000     35.00000
     3.00000     32.50000
     3.40000     10.00000
     3.80000     15.00000
     4.20000      0.00000
     4.60000      0.00000
     5.00000      0.00000
     5.40000      0.00000
     5.80000      0.00000
     6.20000      0.00000
     6.60000      0.00000
     7.00000      0.00000
     7.40000      0.00000
     7.80000      0.00000
     8.20000      0.00000
     8.60000      0.00000
     9.00000      0.00000
     9.40000      0.00000
     9.80000      0.00000
